%YAML:1.0
CameraMatrix0: !!opencv-matrix
   rows: 3
   cols: 3
   dt: d
   data: [ 9.6516386899439090e+002, 0., 3.5893716452343546e+002, 0.,
       9.6511297315407705e+002, 1.9011617730067314e+002, 0., 0., 1. ]
distCoeffs0: !!opencv-matrix
   rows: 1
   cols: 5
   dt: d
   data: [ -1.3681189107594052e-001, -5.3563547253288413e-001,
       5.7270905951554453e-004, 2.1482851123571056e-003,
       4.5359797405014781e+000 ]
CameraMatrix1: !!opencv-matrix
   rows: 3
   cols: 3
   dt: d
   data: [ 9.6516386899439090e+002, 0., 3.5893716452343546e+002, 0.,
       9.6511297315407705e+002, 1.9011617730067314e+002, 0., 0., 1. ]
distCoeffs1: !!opencv-matrix
   rows: 1
   cols: 5
   dt: d
   data: [ -1.3681189107594052e-001, -5.3563547253288413e-001,
       5.7270905951554453e-004, 2.1482851123571056e-003,
       4.5359797405014781e+000 ]
R: !!opencv-matrix
   rows: 3
   cols: 3
   dt: d
   data: [ 9.6572883685637134e-001, -8.1937084638982152e-002,
       2.4628058759249449e-001, 5.5321251069453611e-002,
       9.9203990670194375e-001, 1.1312109746156634e-001,
       -2.5358898407492103e-001, -9.5619755655737743e-002,
       9.6257440724558352e-001 ]
T: !!opencv-matrix
   rows: 3
   cols: 1
   dt: d
   data: [ -9.1011312336873033e+001, 1.4591636678406135e+000,
       1.0056362878015811e+001 ]
E: !!opencv-matrix
   rows: 3
   cols: 3
   dt: d
   data: [ -9.2635840774698242e-001, -1.0115838164648345e+001,
       2.6696679741306562e-001, -1.3367746609641159e+001,
       -9.5264685038561296e+000, 9.0081846983949305e+001,
       -6.4440160916754063e+000, -9.0167294182539010e+001,
       -1.0654663218473875e+001 ]
F: !!opencv-matrix
   rows: 3
   cols: 3
   dt: d
   data: [ 9.4180843833942623e-008, 1.0285094933657823e-006,
       -2.5553771173710346e-004, 1.3591413849395180e-006,
       9.6863748134545926e-007, -9.5118474450604836e-003,
       3.4012646648661177e-004, 8.2949085420733412e-003,
       9.9999999999999989e-001 ]
Q: !!opencv-matrix
   rows: 4
   cols: 4
   dt: d
   data: [ 1., 0., 0., -3.4630010986328125e+002, 0., 1., 0.,
       -1.9012761211395264e+002, 0., 0., 0., 9.4243179159186855e+002, 0.,
       0., 1.0919790897422812e-002, 0. ]
R0: !!opencv-matrix
   rows: 3
   cols: 3
   dt: d
   data: [ 9.8673096621221101e-001, -8.6737681533264124e-002,
       1.3725368818414613e-001, 7.8946715546688417e-002,
       9.9499642372986907e-001, 6.1233429343463694e-002,
       -1.4187817458054300e-001, -4.9585193021755451e-002,
       9.8864143763585410e-001 ]
R1: !!opencv-matrix
   rows: 3
   cols: 3
   dt: d
   data: [ 9.9382450001869072e-001, -1.5933762137933908e-002,
       -1.0981337981653853e-001, 9.7946185509073386e-003,
       9.9837038316628202e-001, -5.6219600353020288e-002,
       1.1053021582373676e-001, 5.4796836045002073e-002,
       9.9236101200592097e-001 ]
projectionMatrix0: !!opencv-matrix
   rows: 3
   cols: 4
   dt: d
   data: [ 9.4243179159186855e+002, 0., 3.4630010986328125e+002, 0., 0.,
       9.4243179159186855e+002, 1.9012761211395264e+002, 0., 0., 0., 1.,
       0. ]
projectionMatrix1: !!opencv-matrix
   rows: 3
   cols: 4
   dt: d
   data: [ 9.4243179159186855e+002, 0., 3.4630010986328125e+002,
       -8.6304930235824620e+004, 0., 9.4243179159186855e+002,
       1.9012761211395264e+002, 0., 0., 0., 1., 0. ]
