%YAML:1.0
CameraMatrix0: !!opencv-matrix
   rows: 3
   cols: 3
   dt: d
   data: [ 9.6516386899439090e+002, 0., 3.5893716452343546e+002, 0.,
       9.6511297315407705e+002, 1.9011617730067314e+002, 0., 0., 1. ]
distCoeffs0: !!opencv-matrix
   rows: 1
   cols: 5
   dt: d
   data: [ -1.3681189107594052e-001, -5.3563547253288413e-001,
       5.7270905951554453e-004, 2.1482851123571056e-003,
       4.5359797405014781e+000 ]
CameraMatrix1: !!opencv-matrix
   rows: 3
   cols: 3
   dt: d
   data: [ 9.6516386899439090e+002, 0., 3.5893716452343546e+002, 0.,
       9.6511297315407705e+002, 1.9011617730067314e+002, 0., 0., 1. ]
distCoeffs1: !!opencv-matrix
   rows: 1
   cols: 5
   dt: d
   data: [ -1.3681189107594052e-001, -5.3563547253288413e-001,
       5.7270905951554453e-004, 2.1482851123571056e-003,
       4.5359797405014781e+000 ]
R: !!opencv-matrix
   rows: 3
   cols: 3
   dt: d
   data: [ 9.9016825612227144e-001, 2.4493671403888501e-002,
       1.3772031305852550e-001, -2.4687918192876628e-002,
       9.9969516254488466e-001, -2.9779130028499278e-004,
       -1.3768562475103119e-001, -3.1051643297946444e-003,
       9.9047111350680150e-001 ]
T: !!opencv-matrix
   rows: 3
   cols: 1
   dt: d
   data: [ -1.4146316182637415e+002, 3.1446698377452504e+000,
       -1.2249326330051536e+001 ]
E: !!opencv-matrix
   rows: 3
   cols: 3
   dt: d
   data: [ -7.3538619759984070e-001, 1.2235827559977059e+001,
       3.1110568929873499e+000, -3.1606337906220304e+001,
       -7.3929733813050613e-001, 1.3842819435743093e+002,
       3.7867871715467194e-001, -1.4149706306580990e+002,
       -3.9095841561727618e-001 ]
F: !!opencv-matrix
   rows: 3
   cols: 3
   dt: d
   data: [ 2.9974354075057928e-007, -4.9875884297927777e-006,
       -3.8326061611679638e-004, 1.2883428151996679e-005,
       3.0136950561132068e-007, -5.9142292690657794e-002,
       -2.7059097779330117e-003, 5.7400951493470090e-002,
       9.9999999999999989e-001 ]
Q: !!opencv-matrix
   rows: 4
   cols: 4
   dt: d
   data: [ 1., 0., 0., -1.9426714134216309e+002, 0., 1., 0.,
       -1.9088127136230469e+002, 0., 0., 0., 9.4243179159186855e+002, 0.,
       0., 7.0408986350422430e-003, 0. ]
R0: !!opencv-matrix
   rows: 3
   cols: 3
   dt: d
   data: [ 9.7490684471207800e-001, 1.9940163302528706e-003,
       2.2260428574583796e-001, -2.4431869246439807e-003,
       9.9999549737817683e-001, 1.7424296324550707e-003,
       -2.2259980900978160e-001, -2.2425704554135373e-003,
       9.7490732682986914e-001 ]
R1: !!opencv-matrix
   rows: 3
   cols: 3
   dt: d
   data: [ 9.9602778301207784e-001, -2.2141301568239038e-002,
       8.6246265037446715e-002, 2.2314362936057607e-002,
       9.9975045961416897e-001, -1.0429324120457639e-003,
       -8.6201651230142368e-002, 2.9633201181263882e-003,
       9.9627330289387683e-001 ]
projectionMatrix0: !!opencv-matrix
   rows: 3
   cols: 4
   dt: d
   data: [ 9.4243179159186855e+002, 0., 1.9426714134216309e+002, 0., 0.,
       9.4243179159186855e+002, 1.9088127136230469e+002, 0., 0., 0., 1.,
       0. ]
projectionMatrix1: !!opencv-matrix
   rows: 3
   cols: 4
   dt: d
   data: [ 9.4243179159186855e+002, 0., 1.9426714134216309e+002,
       -1.3385106652458067e+005, 0., 9.4243179159186855e+002,
       1.9088127136230469e+002, 0., 0., 0., 1., 0. ]
