%YAML:1.0
CameraMatrix0: !!opencv-matrix
   rows: 3
   cols: 3
   dt: d
   data: [ 9.6516386899439090e+002, 0., 3.5893716452343546e+002, 0.,
       9.6511297315407705e+002, 1.9011617730067314e+002, 0., 0., 1. ]
distCoeffs0: !!opencv-matrix
   rows: 1
   cols: 5
   dt: d
   data: [ -1.3681189107594052e-001, -5.3563547253288413e-001,
       5.7270905951554453e-004, 2.1482851123571056e-003,
       4.5359797405014781e+000 ]
CameraMatrix1: !!opencv-matrix
   rows: 3
   cols: 3
   dt: d
   data: [ 9.6516386899439090e+002, 0., 3.5893716452343546e+002, 0.,
       9.6511297315407705e+002, 1.9011617730067314e+002, 0., 0., 1. ]
distCoeffs1: !!opencv-matrix
   rows: 1
   cols: 5
   dt: d
   data: [ -1.3681189107594052e-001, -5.3563547253288413e-001,
       5.7270905951554453e-004, 2.1482851123571056e-003,
       4.5359797405014781e+000 ]
R: !!opencv-matrix
   rows: 3
   cols: 3
   dt: d
   data: [ 9.9790661011329396e-001, 7.4299903172550069e-005,
       6.4671415414531100e-002, 3.3210476632760278e-004,
       9.9998026704759524e-001, -6.2733740398913801e-003,
       -6.4670605367652498e-002, 6.2817191074250652e-003,
       9.9788689379430018e-001 ]
T: !!opencv-matrix
   rows: 3
   cols: 1
   dt: d
   data: [ -1.1810542318829457e+002, 9.3508351313534313e+000,
       9.4571831970388853e+000 ]
E: !!opencv-matrix
   rows: 3
   cols: 3
   dt: d
   data: [ -6.0786494425350879e-001, -9.3982572591779707e+000,
       9.3904042711676929e+000, 1.7994364105876866e+000,
       7.4260776132825845e-001, 1.1846746330881560e+002,
       -9.3704835616271716e+000, -1.1810378738574489e+002,
       1.3618775254728333e-001 ]
F: !!opencv-matrix
   rows: 3
   cols: 3
   dt: d
   data: [ 1.1761810256936854e-006, 1.8186004818543749e-005,
       -2.1416512270105763e-002, -3.4819816409742575e-006,
       -1.4370515885693572e-006, -2.1973046451494782e-001,
       1.7739486859090277e-002, 2.1431984528068154e-001, 1. ]
